ID	Material	CF	a/A	b/A	c/A	alpha	beta	gamma	Vol/A3	nAT!H	
1	ABUWOJ_clean_min_charges	H_7_C_12_O_7_Zn_2	14.565	18.856	15.855	89.602	89.996	90.114	4354.2656	168
2	ACOLIP_clean_min_charges	H_19_C_22_N_5_O_4_Zn_1	23.442	23.974	14.059	112.345	89.896	118.644	6253.029	256
3	AFITIT_clean_min_charges	H_16_C_23_N_1_O_4_Zn_1	14.056	17.915	17.917	100.312	91.959	91.889	4432.762	174
4	AGARUW_clean_min_charges	H_4_C_11_N_4_O_11_La_2	17.302	15.345	17.421	90.0	90.0	89.999	4625.2617	224
5	AHOKIR01_clean_min_charges	H_4_C_2_O_3_P_1_Cu_1	8.578	13.866	21.033	109.128	92.71	89.975	2360.6523	112
6	AMIKOX_clean_min_charges	H_80_C_96_N_16_Cl_8_Cd_3	18.3	17.826	15.734	90.0	90.0	90.0	5132.679	246
7	AMILUE_clean_min_charges	H_12_C_15_N_2_O_4_Zn_1	12.365	20.163	20.18	102.302	94.912	94.696	4871.6387	176
8	AMIMEP_clean_min_charges	H_12_C_15_N_2_O_4_Zn_1	12.396	20.153	20.225	102.717	94.698	94.474	4888.014	176
9	AMUCOB_clean_min_charges	H_6_C_5_O_4_Ca_1	17.5	12.598	12.597	65.353	76.63	103.32	2281.8767	120
10	ANUGIA_clean_min_charges	H_7_C_14_O_4_Cu_1	17.739	17.719	17.713	96.741	96.796	96.639	5442.6157	114
11	APEBED_clean_min_charges	H_2_C_6_O_4_S_1_Zn_1	20.018	13.154	15.547	89.998	89.946	89.972	4093.7837	192
12	AROFET_clean_min_charges	H_24_C_33_O_12_Cd_2	10.816	15.94	18.497	114.393	107.119	93.922	2708.7505	94
13	ATOXEN_clean_min_charges	H_10_C_14_N_1_O_4_Zn_1	21.85	21.892	13.972	95.2	99.23	99.89	6450.625	320
14	AVAQIX_clean_min_charges	H_8_C_12_N_2_O_4_Cd_1	12.772	15.1	19.445	90.08	90.028	89.993	3750.1042	152
15	AVEMOE_clean_min_charges	H_12_C_6_N_3_O_1_P_1_Ag_2	14.647	20.817	16.596	89.997	90.006	90.004	5060.23	208
16	AVIMOI_clean_min_charges	H_9_C_15_O_5_Zn_1	18.626	14.536	27.649	89.935	89.867	92.543	7478.5005	336
17	AZIXUD_clean_min_charges	H_8_C_17_O_10_Zn_2	22.762	13.56	19.943	89.843	90.071	90.243	6155.3784	232
18	BAEDTA01_clean_min_charges	H_6_C_5_N_1_O_4_Ba_1	18.343	19.757	19.757	90.0	90.0	89.999	7159.9893	352
19	BALMUW_clean_min_charges	C_2_O_4_Ba_1	12.599	17.292	19.294	65.181	84.55	83.659	3786.3406	224
20	BALMUW01_clean_min_charges	C_2_O_4_Ba_1	12.63	17.499	19.55	115.289	95.52	83.627	3876.8408	224
21	BARZAW_clean_min_charges	H_11_C_17_N_1_O_4_Zn_1	18.604	19.052	19.059	70.331	70.885	108.967	5242.193	276
22	BENXUP_clean_min_charges	H_18_C_20_N_4_O_8_Zn_3	18.597	22.63	16.545	107.033	90.063	114.039	6022.0264	280
23	BEPMIU_clean_min_charges	H_11_C_9_N_2_O_2_Cl_1_Zn_1	20.896	17.723	17.723999	119.962	89.995	90.008	5686.681	180
24	BEPPAP_clean_min_charges	H_11_C_9_N_2_O_2_Cl_1_Zn_1	20.908	17.705	17.719	119.811	90.015	89.994	5691.1787	180
25	BERFIP_clean_min_charges	H_8_C_14_N_8_O_8_Zn_3	16.117	18.257	16.229	86.318	81.558	63.802	4238.371	264
26	BERGAI_clean_min_charges	H_5_C_6_N_4_O_2_Zn_1	12.754	12.7369995	25.661	90.004	90.026	89.9	4168.5635	208
27	BETGAK_clean_min_charges	H_8_C_16_N_1_O_6_La_1	14.019	14.615	16.671	116.044	88.38	90.024	3067.344	96
28	BIBBUL_clean_min_charges	H_24_C_24_N_6_O_4_Zn_1	17.665	15.53	19.77	90.028	89.996	90.022	5423.651	280
29	BICDAU_clean_min_charges	H_18_C_36_N_18_Zn_5	18.077	18.099	19.129	89.93	90.006	120.048	5417.4287	118
30	BOJCIN_clean_min_charges	H_27_C_22_N_1_O_4_Mo_1	14.809	21.175	21.172	83.049	69.624	69.642	5834.954	224
31	BONWAD_clean_min_charges	H_4_C_8_O_9_Zn_2	18.415	22.257	12.191	94.387	89.858	90.109	4981.9736	304
32	BONWIL_clean_min_charges	H_7_C_9_N_1_O_5_Zn_1	18.591	14.43	17.459	99.039	89.947	108.708	4375.0117	256
33	BOWQAG_clean_min_charges	H_12_C_18_N_10_Zn_1	13.216	18.381	17.299	90.002	98.21	89.996	4159.2617	232
34	BUVXOG_clean_min_charges	H_16_C_24_N_10_Fe_1	18.538	16.297	16.338	63.269	79.284	100.929	4116.24	210
35	BUVYEX_clean_min_charges	H_32_C_48_N_20_Fe_1	16.341	18.078	18.066	68.745	72.547	107.43	4215.0356	207
36	CANRUG_clean_min_charges	H_34_C_56_O_16_Si_2_Ca_3	13.968	14.562	24.165	89.979	90.005	116.971	4380.6123	154
37	CEGDUO_clean_min_charges	H_5_C_4_N_2_Ag_1	21.923	20.066	12.758	90.035	89.874	89.953	5612.316	224
38	CEGWER_clean_min_charges	H_9_C_7_O_9_P_1_Ca_1	15.632	21.362	17.955	89.939	90.238	90.004	5995.672	288
39	CEHZAR01_clean_min_charges	H_10_C_4_N_2_Br_2_Cd_1	14.074	16.943	16.943	111.854	91.018	91.021	3747.9211	144
40	CESYEF_clean_min_charges	H_4_C_6_N_1_O_2_Ag_1	7.962	14.332	14.571	89.469	94.322	90.815	1657.7649	80
41	CESYEF01_clean_min_charges	H_4_C_6_N_1_O_2_Ag_1	7.983	14.453	14.441	89.786	85.679	89.654	1661.4027	80
42	CICYIX_clean_min_charges	H_2_C_7_O_6_Cd_1	10.093	13.804	15.792	105.528	93.851	109.485	1968.613	112
43	CIGYAU_clean_min_charges	H_24_C_29_N_8_O_4_S_4_Cu_4	21.644	13.83	13.69	90.487	89.967	90.27	4097.7227	196
44	CISMAT01_clean_min_charges	C_2_O_3_F_1_Al_1_P_1	10.246	21.667	12.269	90.126	90.077	93.863	2717.5212	128
45	COGWEB_clean_min_charges	H_56_C_111_N_8_O_24_Zn_4	13.188	13.2	23.339	90.007	89.999	90.45	4062.7651	147
46	COYTEQ_clean_min_charges	H_5_C_14_N_2_O_8_La_1	12.19	14.117	12.328	90.116	89.961	111.439	1974.6837	100
47	CUHPUR_clean_min_charges	H_96_C_143_N_16_O_31_Cd_8	23.722	13.826	21.392	89.955	89.997	90.003	7016.1543	198
48	CUMDIY_clean_min_charges	H_13_C_6_N_2_O_6_P_2_La_1	11.706	20.742	23.396	86.75	87.624	83.614	5632.8203	272
49	CUNFOH01_clean_min_charges	H_6_C_4_N_3_Cu_2_I_1	15.583	15.627	15.672	68.747	74.069	111.034	2938.9004	80
50	CUNWEO_clean_min_charges	H_14_C_28_N_4_O_8_Cd_1	17.315	19.3	22.368	90.0	90.002	94.969	7446.8345	328
51	CUTKOS_clean_min_charges	H_40_C_60_N_4_O_12_Zn_3	21.511	12.442	26.091	91.126	89.998	89.989	6981.643	316
52	CUYHIO_clean_min_charges	H_18_C_22_N_2_O_4_Zn_1	13.0	18.343	18.751	90.178	96.467	90.123	4442.8574	232
53	DAGDIZ_clean_min_charges	H_6_C_6_O_4_Cd_1	24.165	15.381	17.043	89.908	90.006	91.729	6331.6816	264
54	DAJHUS_clean_min_charges	H_11_C_18_N_1_O_4_Co_1	11.628	13.002	13.003	95.91	106.121	106.096	1779.731	96
55	DEGJIK_clean_min_charges	H_4_C_6_N_5_Cu_1	11.446	21.128	16.265	89.97	90.031	92.445	3929.801	192
56	DEYDOA_clean_min_charges	H_128_C_71_N_46_Ni_8_Cd_7	13.968	15.512	19.523	90.0	102.061	90.0	4136.7046	132
57	DEYLUQ_clean_min_charges	H_12_C_23_N_6_O_4_Br_4_Cd_1	13.444	14.201	19.045	90.774	108.294	93.384	3444.2778	152
58	DEYVUA_clean_min_charges	H_7_C_13_N_1_O_4_Zn_1	13.569	13.571	23.187	90.029	89.966	90.014	4269.766	152
59	DIDDOK_clean_min_charges	H_13_C_20_N_1_O_5_Zn_1	16.243	16.245	23.175	73.291	73.07	67.44	5294.4175	108
60	DOGZIJ_clean_min_charges	H_15_C_17_N_2_O_4_Zn_1	16.985	20.631	14.176	67.192	75.133	76.554	4376.172	192
61	DOQGUM_clean_min_charges	H_3_C_3_O_8_P_1_La_1	14.721	20.476	13.142	89.99	89.928	99.094	3911.56	208
62	DOTWAL_clean_min_charges	H_24_C_24_O_29_La_3	19.052	19.052	17.489	90.0	90.0	119.993	5498.034	224
63	DUBWON_clean_min_charges	H_4_C_9_O_7_Zn_2	18.28	14.29	15.324	89.443	90.195	107.341	3820.8296	144
64	DUXZIG01_clean_min_charges	C_4_N_4_Ni_1_Zn_1	14.95	14.892	13.081	90.0	90.0	90.0	2912.294	80
65	EBEMEF_clean_min_charges	C_4_N_4_Ni_1_Zn_1	14.915	14.983	13.05	88.595	89.968	88.302	2914.1453	80
66	EBEMII_clean_min_charges	H_12_C_18_N_4_O_4_Cd_1	23.472	14.35	14.229	103.267	114.325	89.878	4227.497	216
67	ECAHAT_clean_min_charges	H_36_C_45_N_3_O_6_Zn_1	15.556	21.857	21.842	119.901	89.952	90.044	6437.892	220
68	ECIWUJ_clean_min_charges	H_8_C_13_N_1_O_4_Zn_1	15.945	19.362	21.91	64.228	88.743	76.382	5895.084	304
69	ECODEG_clean_min_charges	H_8_C_12_N_2_O_4_Cd_1	13.07	15.248	19.142	89.984	89.996	89.964	3814.8342	152
70	EDADIX_clean_min_charges	H_8_C_13_N_1_O_4_Zn_1	22.113	22.118	14.068	88.045	90.645	80.131	6773.808	304
71	EDUSIF_clean_min_charges	H_12_C_24_O_13_Zn_4	18.407	18.416	18.411	60.328	60.251	60.283	4441.761	82
72	EKOPOK_clean_min_charges	H_8_C_16_O_10_Ca_1_Cd_1	14.308	15.844	15.845	78.291	63.23	63.229	2863.266	112
73	ELAFUT_clean_min_charges	H_12_C_12_N_2_O_6_S_2_Cd_1	16.978	23.612	15.943	95.36	105.337	99.088	6024.6704	276
74	EMITUQ_clean_min_charges	H_10_C_19_N_1_O_6_S_1_Zn_1	13.941	20.677	22.214	89.995	90.511	101.284	6279.3247	224
75	EQIWAD_clean_min_charges	H_72_C_64_N_8_O_40_As_8_Cd_3	9.647	19.512	23.029	89.998	93.397	89.999	4327.184	246
76	ERUFUS_clean_min_charges	H_8_C_14_N_6_S_3_Cd_1	15.295	19.779	15.02	109.185	100.984	90.011	4203.198	192
77	ESEVIH_clean_min_charges	H_60_C_143_O_110_Zn_32	23.068	16.552	16.552	90.011	89.999	90.002	6319.9106	285
78	EXEWAG_clean_min_charges	H_8_C_17_N_1_O_4_S_2_Zn_1	13.926	15.054	15.041	117.175	96.398	96.64	2737.7888	100
79	EZABEN_clean_min_charges	H_2_C_2_N_3_Cl_1_Cd_1	17.555	17.545	15.913	90.0	89.999	92.602	4896.19	168
80	EZUCIM_clean_min_charges	H_12_C_15_N_4_O_4_Zn_1	17.674	15.677	19.444	90.035	89.988	89.854	5387.4336	192
81	FAGREM_clean_min_charges	H_4_C_9_O_7_Zn_2	21.562	17.666	17.196	89.986	89.955	90.011	6550.1997	288
82	FAKLOU_clean_min_charges	H_6_C_18_N_6_Cd_1	21.836	13.243	13.24	119.454	90.024	90.096	3333.8057	100
83	FAPTIB_clean_min_charges	H_13_C_18_N_3_O_4_Cd_1	23.679	14.304	17.532	89.972	90.004	90.006	5938.165	208
84	FAPTOH_clean_min_charges	H_13_C_18_N_3_O_4_Cd_1	23.716	14.398	17.462	89.922	93.421	87.6	5946.7354	208
85	FAQVEA_clean_min_charges	H_7_C_8_N_5_O_2_Zn_1	9.85	12.071	12.099	90.268	109.829	109.743	1262.1128	64
86	FECWOB01_clean_min_charges	H_4_C_8_N_4_O_2_Zn_1	13.9279995	19.233	17.934	102.2	96.875	105.929	4433.877	240
87	FECZAQ_clean_min_charges	H_16_C_30_O_13_Zn_4	17.383	18.645	18.184	90.398	90.035	90.007	5893.4004	188
88	FEFCUQ_clean_min_charges	H_12_C_19_N_1_O_4_Zn_1	14.004	15.377	15.348	88.196	85.279	85.566	3282.9102	100
89	FEFDAX_clean_min_charges	H_10_C_17_N_3_O_4_Zn_1	14.017	15.199	15.249	85.04	87.603	83.928	3216.6392	100
90	FERHAN_clean_min_charges	H_36_C_48_O_19_Zn_4	17.288	17.276	17.335	85.834	86.336	86.54	5145.0874	142
91	FEWGUL_clean_min_charges	H_12_C_24_N_6_O_6_La_1	10.412	18.782	27.669	90.002	89.095	89.994	5410.224	296
92	FEZREJ_clean_min_charges	H_8_C_16_N_2_O_14_Cd_1_Ba_2	13.083	18.27	18.307	89.723	89.881	90.08	4375.7915	140
93	FIGXAW_clean_min_charges	H_18_C_26_N_4_O_13_Cd_2	14.648	15.577	17.021	89.998	89.997	116.496	3475.7896	180
94	FIJCUX_clean_min_charges	H_10_C_16_O_10_Zn_3	15.583	17.778	18.307	112.399	89.999	89.946	4689.0254	174
95	FIJCUX01_clean_min_charges	H_60_C_96_O_60_Zn_17	15.44	17.79	18.318	112.232	90.004	89.996	4657.497	173
96	FIPWOS_clean_min_charges	H_12_C_9_N_4_O_3_Zn_1	18.665	19.524	19.476	122.217	89.958	90.118	6004.598	272
97	FIPWUY_clean_min_charges	H_12_C_9_N_4_O_3_Zn_1	18.796	18.647	19.478	90.001	118.722	90.02	5986.864	272
98	FIPXEJ_clean_min_charges	H_12_C_9_N_4_O_3_Zn_1	18.463	21.015	15.668	94.029	89.958	89.91	6064.149	272
99	FIQCEN_clean_min_charges	H_2_C_6_O_4_Cu_1	18.743	18.765	18.762	59.98	60.083	60.109	4672.1255	132
100	FIRVEH_clean_min_charges	C_4_O_4_Ca_1	14.6779995	21.376	21.376	83.236	69.927	69.929	5916.887	288
101	FUDQIF_clean_min_charges	H_64_C_64_N_32_F_48_Si_7_Zn_8	14.418	14.304	15.436	89.978	90.0	89.985	3183.4443	159
102	FUNBAS_clean_min_charges	H_13_C_22_N_1_O_4_Zn_1	23.285	13.976	15.782	96.063	89.996	89.977	5107.225	224
103	FUNBEW_clean_min_charges	H_48_C_86_N_4_O_16_Zn_1_Br_4	22.207	14.008	16.175	90.0	90.0	90.0	5031.649	111
104	FUNBIA_clean_min_charges	H_13_C_22_N_2_O_4_Zn_1	23.263	15.816	15.993	90.014	89.916	90.006	5884.26	232
105	FUNBOG_clean_min_charges	H_24_C_43_N_4_O_8_Zn_2_Br_2	22.222	16.168	15.922	89.998	91.136	89.999	5719.4155	118
106	FUNCAT_clean_min_charges	H_13_C_23_N_3_O_4_Zn_1	23.416	15.734	18.046	88.64	89.846	90.01	6646.743	248
107	FUNCEX_clean_min_charges	H_43_C_92_N_12_O_16_Zn_2_Br_4	22.184	16.183	17.987	90.004	91.265	90.0	6455.8257	126
108	FUSWIA_clean_min_charges	H_32_C_48_N_40_Cl_4_Cu_5	12.124	15.264	15.916	89.962	89.998	89.986	2945.426	97
109	FUTKEL_clean_min_charges	H_16_C_27_N_1_O_4_Zn_1	15.43	15.497	17.723	115.631	115.646	89.982	3352.1594	132
110	GACQAE_clean_min_charges	H_12_C_20_O_7_Zn_2	20.636	15.499	23.722	89.798	89.984	90.015	7587.134	232
111	GALCED_clean_min_charges	H_14_C_22_N_4_O_4_Cd_1	17.005	18.735	19.368	90.005	90.013	101.51	6046.338	248
112	GAXWEJ_clean_min_charges	H_16_C_24_O_14_Zn_2_Ba_1	12.16	12.162	12.711	102.47	102.441	103.409	1714.2655	82
113	GAYFOD_clean_min_charges	H_64_C_83_N_64_Zn_13	14.775	18.055	18.055	90.0	90.001	90.018	4816.3994	160
114	GAYFUJ_clean_min_charges	H_4_C_6_N_4_Cd_1	19.791	19.792	21.892	89.997	90.002	119.953	7429.8315	264
115	GEDLIM_clean_min_charges	H_16_C_20_N_6_O_4_Zn_1	13.315	14.537	14.537	89.98	90.001	90.016	2813.7837	124
116	GEHSAN_clean_min_charges	H_16_C_12_N_10_O_2_Ca_2_Fe_1	17.671	17.671	13.703	95.661	95.653	92.63	4230.695	216
117	GIFKIP_clean_min_charges	H_64_C_39_N_24_Ni_4_Cd_4	13.964	15.505	19.529	89.991	102.091	90.007	4134.4595	142
118	GIMSIG_clean_min_charges	H_8_C_12_N_2_O_8_S_1_Cd_2	20.286	12.826	12.816	81.096	66.789	66.763	2816.0662	100
119	GIMVAA_clean_min_charges	H_6_C_6_N_9_Zn_2	15.428	20.134	17.805	89.98	89.987	89.995	5530.72	272
120	GINLIA_clean_min_charges	H_23_C_40_O_10_Cl_2_Zn_2	20.521	16.616	19.798	89.965	101.651	90.041	6611.5674	216
121	GITWIQ_clean_min_charges	H_4_C_6_N_6_O_4_Zn_1	22.412	17.845	17.876	79.011	71.829	71.745	6416.649	340
122	GIZJOP_clean_min_charges	H_6_C_6_N_4_Zn_1	15.826	15.805	18.637	90.0	90.002	89.996	4661.6714	176
123	GOMRAC_clean_min_charges	O_4_Al_1_P_1	19.848	19.84	15.506	74.229	74.301	82.636	5647.117	288
124	GOMREG_clean_min_charges	O_4_Al_1_P_1	19.797	19.8	15.418	74.151	74.164	82.483	5582.7993	288
125	GUFREF_clean_min_charges	H_58_C_59_N_6_O_8_Cd_2	12.636	12.6380005	23.81	81.895	81.878	65.765	3417.894	150
126	GULPIN_clean_min_charges	H_22_C_39_N_4_O_8_F_6_Zn_2	13.254	13.186	13.156	93.741	96.041	83.687	2269.2515	118
127	GUWDUY_clean_min_charges	H_20_C_25_N_5_Cl_3_La_1	13.449	13.571	13.962	77.615	65.011	63.881	2072.6052	68
128	GUXLIU_clean_min_charges	H_32_C_16_O_48_F_16_Al_13_P_16	9.898	16.558	12.187	89.965	89.971	91.592	1996.5691	109
129	GUYLOC_clean_min_charges	H_8_C_15_N_1_O_4_S_2_Zn_1	13.958	14.283	14.292	84.953	106.523	72.922	2565.0486	92
130	GUYLUI_clean_min_charges	H_8_C_15_N_1_O_4_S_2_Zn_1	19.597	14.255	14.261	102.692	103.349	103.22	3613.9785	184
131	GUYLUI01_clean_min_charges	H_8_C_15_N_1_O_4_S_2_Zn_1	19.592	14.263	14.27	102.889	103.382	103.151	3614.0698	184
132	GUYMAP_clean_min_charges	H_8_C_15_N_1_O_4_S_2_Zn_1	13.959	14.282	14.294	97.176	106.298	106.781	2552.0884	92
133	HABRIN_clean_min_charges	H_32_B_2_C_40_N_16_O_8_Zn_3	13.063	13.036	17.836	98.267	98.318	118.299	2566.3293	138
134	HAFQOW_clean_min_charges	H_40_C_64_O_40_Al_7	13.423	13.464	16.481	89.995	90.02	89.893	2978.561	111
135	HAFQUC_clean_min_charges	H_20_C_32_O_20_Al_3	13.417	13.831	16.197	89.999	89.946	90.106	3005.6792	110
136	HAMJOW_clean_min_charges	H_8_C_14_N_2_O_5_Zn_1	13.804	13.84	13.922	108.749	89.966	90.155	2518.6138	88
137	HAZNON_clean_min_charges	H_14_C_24_N_4_O_9_Br_4_Cd_2	23.83	23.831	15.27	109.83	109.896	97.193	7381.2646	344
138	HEGJUZ_clean_min_charges	H_32_C_52_N_2_O_12_Zn_3	14.712	18.13	25.12	89.962	90.097	90.047	6700.208	276
139	HEKTUO_clean_min_charges	H_112_C_240_O_96_Cd_23	20.297	22.807	18.089	99.858	89.934	116.458	7359.0737	359
140	HEXNII_clean_min_charges	H_9_C_12_N_5_S_2_Cd_1	16.019	20.377	12.161	114.729	98.091	89.99	3562.0544	160
141	HEZKIH_clean_min_charges	H_6_C_10_O_5_Zn_1	13.273	14.197	17.285	66.122	87.262	89.829	2974.4731	128
142	HICVUM_clean_min_charges	H_9_C_19_N_7_O_6_Cd_2	13.019	12.951	21.117	85.765	85.797	69.843	3328.961	136
143	HIFTOG_clean_min_charges	H_12_C_24_O_13_Zn_4	18.464	18.456	18.454	59.998	60.026	60.029	4448.4907	164
144	HIFTOG01_clean_min_charges	H_12_C_24_O_13_Zn_4	18.394	18.394	18.394	60.411	60.407	60.411	4441.383	82
145	HIFTOG02_clean_min_charges	H_12_C_24_O_13_Zn_4	18.488	18.475	18.451	59.888	59.923	59.966	4448.832	164
146	HIFVOI_clean_min_charges	H_6_C_6_N_4_Zn_1	16.501	19.542	19.54	90.0	89.994	90.039	6300.9165	176
147	HIHGOW_clean_min_charges	H_34_C_45_N_2_O_12_Zn_2	16.171	16.186	26.823	84.506	84.475	84.441	6928.7607	244
148	HIMSAY_clean_min_charges	H_16_C_34_N_9_Zn_1	22.958	12.515	14.852	90.0	90.0	90.0	4267.267	176
149	HOWPOZ_clean_min_charges	H_9_C_10_N_3_O_4_Cd_1	13.248	14.544	18.124	90.02	89.858	90.003	3492.1016	144
150	HUHJAW_clean_min_charges	H_16_C_12_N_16_Cl_2_Cd_3	15.885	18.338	19.602	92.926	114.074	82.713	5171.2734	264
151	HUTTIA_clean_min_charges	H_13_C_23_N_2_O_4_F_6_Zn_1	15.841	16.164	22.838	90.009	89.993	89.94	5847.756	288
152	IBICAZ_clean_min_charges	H_15_C_11_N_2_O_2_Cl_1_Zn_1	21.11	17.853	17.853	119.977	89.995	89.962	5828.2983	204
153	IBICED_clean_min_charges	H_15_C_11_N_2_O_2_Zn_1_Br_1	20.994	18.038	18.041	120.021	90.005	89.982	5915.3823	204
154	IBICON_clean_min_charges	H_15_C_11_N_2_O_2_Zn_1_Br_1	20.975	18.056	18.058	120.058	90.008	90.002	5919.2915	204
155	IBIDAA_clean_min_charges	H_15_C_11_N_2_O_2_Zn_1_Br_1	21.028	18.14	18.136	119.953	89.998	89.995	5993.9463	204
156	IBUDOZ_clean_min_charges	H_4_C_6_N_5_Cu_1	11.431	21.233	16.195	90.001	90.007	92.9	3925.726	192
157	ICANAD_clean_min_charges	H_10_C_7_N_8_O_4_Ag_2	14.131	14.13	14.133	104.811	104.76	104.833	2477.6367	126
158	ICANEH_clean_min_charges	H_60_C_42_N_48_O_24_Ag_11	14.124	14.14	14.122	104.886	104.722	104.841	2475.4468	125
159	IGOCOX_clean_min_charges	H_6_C_18_N_18_Cl_4_Zn_5	15.411	15.42	15.411	60.015	60.035	60.048	2591.507	90
160	IJENER_clean_min_charges	H_6_C_6_O_2_S_2_Ag_1	13.144	13.126	13.66	89.933	89.933	89.989	2356.7314	88
161	ILOJEZ_clean_min_charges	H_17_C_23_N_6_O_4_Zn_1	22.522	16.308	14.511	89.989	95.208	89.979	5307.7246	272
162	IMACZN01_clean_min_charges	H_12_C_8_N_2_O_8_Zn_1	13.592	22.212	22.222	72.165	90.017	89.997	6386.529	304
163	IQUNAJ_clean_min_charges	C_4_O_8_K_1_Y_1	17.2	18.534	18.532	77.738	62.555	62.555	4652.7666	224
164	IQUNAJ01_clean_min_charges	C_4_O_8_K_1_Y_1	17.202	18.548	18.556	77.633	62.433	62.424	4652.143	224
165	ISEQIH_clean_min_charges	H_10_C_12_O_14_Ca_3	12.318	21.045	16.643	71.59	83.891	90.005	4067.7517	232
166	ISIMAZ_clean_min_charges	H_19_C_19_N_4_O_5_Zn_1	14.594	16.877	17.459	90.002	95.55	90.028	4280.044	232
167	ISOHEE_clean_min_charges	H_87_C_136_N_23_O_25_Zn_6	20.243	22.896	13.99	90.005	100.938	89.996	6366.3403	190
168	IXISAJ_clean_min_charges	H_6_C_6_N_2_Cu_1_Br_1	12.811	14.28	14.19	78.507	63.467	63.527	2078.9934	80
169	IXISOX_clean_min_charges	H_6_C_6_N_2_Cu_1_I_1	13.219	14.33	14.337	77.767	62.589	62.647	2141.3596	80
170	IXODUV_clean_min_charges	H_4_C_8_O_5_V_1	13.694	14.215	15.969	90.002	89.985	89.953	3108.5278	112
171	IXOFAD_clean_min_charges	H_4_C_8_O_5_V_1	13.72	14.236	15.975	90.004	89.996	89.99	3120.204	112
172	IXOFEH_clean_min_charges	H_4_C_8_O_5_V_1	13.728	14.03	16.134	89.995	89.988	90.083	3107.467	112
173	IXOFIL_clean_min_charges	H_4_C_8_O_5_V_1	13.716	14.213	15.984	90.0	90.002	90.003	3116.009	112
174	IXUREZ_clean_min_charges	H_9_C_13_N_2_O_4_Zn_1	22.087	17.892	20.541	110.258	93.396	89.007	7601.8696	320
175	IYIGEC_clean_min_charges	H_22_C_11_N_4_O_6_S_2_Ag_2	13.69	16.701	16.701	87.613	78.271	78.214	3659.9097	200
176	IYUJAO_clean_min_charges	H_24_C_43_O_18_In_3	16.334	16.343	16.344	92.276	92.425	92.394	4351.501	192
177	JASNAT_clean_min_charges	H_8_C_13_N_1_O_4_Zn_1	22.129	22.139	14.069	92.71	87.938	97.682	6820.037	304
178	JAVNIE_clean_min_charges	H_32_C_48_N_40_Cl_4_Cu_5	12.416	15.662	15.483	89.974	89.987	90.033	3010.8137	97
179	JIVFUQ_clean_min_charges	H_6_C_6_O_8_P_2_Zn_1	18.774	21.078	21.139	88.962	99.331	80.401	8130.065	272
180	JOSNAG_clean_min_charges	H_12_C_9_O_6_La_1	17.348	20.148	20.657	75.235	83.058	68.805	6506.189	256
181	KANDIO_clean_min_charges	H_9_C_16_N_1_O_4_F_1_Zn_1	22.005	22.032	18.441	88.277	87.237	72.206	8501.756	368
182	KAVROQ_clean_min_charges	H_96_C_96_O_192_Zn_47	20.255	18.421	18.542	89.999	90.023	89.947	6918.3384	335
183	KAXQIL_clean_min_charges	H_8_C_14_O_6_S_1_Ca_1	11.298	24.39	22.765	99.196	89.99	89.963	6192.456	352
184	KAXQOR_clean_min_charges	H_8_C_14_O_6_S_1_Ca_1	11.272	24.217	23.214	98.079	90.007	89.999	6273.9277	352
185	KAXQOR01_clean_min_charges	H_8_C_14_O_6_S_1_Ca_1	11.307	24.27	22.852	99.337	89.988	90.0	6187.982	352
186	KAYBIX_clean_min_charges	H_3_C_7_N_1_O_4_Ca_1	12.756	24.58	15.545	89.994	102.135	89.976	4765.1074	208
187	KAYBUJ_clean_min_charges	H_3_C_7_N_1_O_4_Ca_1	12.657	27.203	14.666	90.018	90.088	95.761	5024.1157	208
188	KEFBEE_clean_min_charges	H_3_C_9_O_4_Zn_1	15.541	15.536	15.533	76.13	76.134	76.139	3468.2966	84
189	KEWZOD_clean_min_charges	H_11_C_19_N_2_O_4_Zn_1	23.037	15.262	18.164	89.982	90.0	89.902	6386.2837	208
190	KEXKAB_clean_min_charges	H_6_C_8_N_1_O_4_Zn_1	13.859	13.793	21.991	89.959	90.245	90.18	4203.6777	224
191	KEXKEF_clean_min_charges	H_18_C_19_N_2_O_8_Zn_2	13.535	13.529	27.873	90.02	90.329	96.05	5075.451	248
192	KIDDIM_clean_min_charges	H_42_C_48_N_8_O_27_S_6_Cd_6	16.276	16.277	22.149	68.453	68.462	60.013	4602.826	190
193	KINHAS_clean_min_charges	H_22_C_26_N_2_O_4_S_2_Zn_1	12.488	13.572	18.219	106.039	89.968	90.044	2967.6855	140
194	KINKAV_clean_min_charges	H_30_C_40_N_6_O_4_Zn_1	21.875	13.463	15.13	89.944	105.416	89.987	4295.5146	204
195	KIXXOG_clean_min_charges	H_6_C_12_O_4_Ca_1	12.906	14.615	15.125	90.005	90.014	89.976	2852.8953	136
196	KIYMAI_clean_min_charges	H_6_C_12_O_4_Sr_1	13.642	14.788	15.137	90.0	90.001	90.0	3053.7065	136
197	KOMHAW_clean_min_charges	H_12_C_11_N_16_O_7_Zn_4	19.145	19.199	17.42	95.567	105.607	90.234	6134.77	304
198	KUNWEW_clean_min_charges	H_15_C_25_N_3_O_8_Zn_2	22.353	16.76	18.262	62.678	72.41	90.054	5714.8447	304
199	LABJUV_clean_min_charges	H_18_C_26_N_4_Cu_5_I_5	21.565	15.23	15.217	117.713	94.796	107.007	4086.1377	160
200	LACJAC_clean_min_charges	H_28_C_44_N_18_O_16_Zn_7	19.673	24.252	15.389	96.079	98.001	113.54	6559.4004	340
201	LAGCED_clean_min_charges	H_27_C_51_N_6_O_6_Zn_1_Ag_3	15.75	15.748	16.414	89.999	89.999	119.966	3526.9534	134
202	LAGNUE_clean_min_charges	H_6_C_12_O_6_Y_1	19.226	22.029	18.973	101.661	87.803	90.678	7863.9224	304
203	LAGWEX_clean_min_charges	H_4_C_8_O_4_Cd_1	15.026	14.001	14.741	62.372	59.451	57.636	2176.1711	78
204	LASYOU_clean_min_charges	H_3_C_8_O_4_Cu_1	13.59	13.596	13.604	87.248	87.32	87.467	2505.7437	78
205	LAVSUY_clean_min_charges	H_3_C_9_O_6_Y_1	20.752	20.667	14.043	89.845	89.931	89.747	6022.699	256
206	LAWGEW_clean_min_charges	H_12_C_24_O_13_Zn_4	18.416	18.423	18.422	60.238	60.207	60.208	4441.3237	82
207	LAWGIA_clean_min_charges	H_12_C_24_O_13_Zn_4	18.419	18.425	18.425	60.219	60.19	60.192	4441.5195	82
208	LAWGOG_clean_min_charges	H_12_C_24_O_13_Zn_4	18.424	18.433	18.433	60.144	60.154	60.156	4441.6787	82
209	LAWGUM_clean_min_charges	H_12_C_24_O_13_Zn_4	18.425	18.434	18.434	60.137	60.147	60.15	4441.733	82
210	LEDCAA_clean_min_charges	H_5_C_9_N_7_Cd_1	13.201	23.707	16.267	90.023	89.995	90.0	5090.857	272
211	LEGGEK_clean_min_charges	H_4_C_6_N_3_O_2_Zn_1	15.976	19.736	13.545	109.661	105.44	94.817	3805.1226	192
212	LELMIA01_clean_min_charges	H_2_C_6_O_4_S_1_Sr_1	12.09	31.267	14.041	90.032	90.003	90.648	5307.411	192
213	LEMNOH_clean_min_charges	C_16_N_10_Fe_1	21.933	21.947	15.978	89.996	90.0	89.962	7691.225	432
214	LENRUS_clean_min_charges	H_5_C_9_N_2_O_2_S_1_Ag_1	15.16	21.045	13.26	89.986	89.962	90.102	4230.4917	240
215	LIFWEE_clean_min_charges	H_12_C_12_N_6_O_8_Cu_3	14.039	14.068	14.791	90.014	89.981	89.986	2921.2317	116
216	LIFWOO_clean_min_charges	H_28_C_40_N_4_F_6_Si_1_Zn_1	15.23	17.848	17.848	90.0	90.0	89.999	4851.5327	208
217	LIHSEB_clean_min_charges	H_6_C_6_N_9_Cd_2_I_1	16.201	21.517	18.871	90.0	90.009	90.0	6578.3726	288
218	LIKFOB_clean_min_charges	H_1_C_5_O_4_Zn_1	11.89	14.948	16.321	90.042	107.636	90.443	2764.328	160
219	LOFZUB_clean_min_charges	O_4_Al_1_P_1	19.006	18.833	18.822	89.995	90.001	89.998	6737.147	288
220	LOQLEJ_clean_min_charges	H_5_C_8_O_5_In_1	14.609	21.986	21.972	60.764	90.014	89.993	6158.276	168
221	LUVTEC_clean_min_charges	H_24_C_30_N_2_O_10_Zn_3	15.133	17.678	17.678	90.0	90.0	90.0	4729.2393	180
222	MADVUJ_clean_min_charges	H_16_C_16_S_2_Cu_1_I_1	14.799	12.889	20.85	90.0	89.999	89.944	3977.0168	160
223	MADWAQ_clean_min_charges	H_16_C_16_S_2_Cu_1_Br_1	14.364	12.417	20.761	90.0	90.0	90.051	3702.8845	160
224	MAKXAZ_clean_min_charges	H_14_C_20_N_1_O_4_Zn_1	15.084	12.455	25.541	70.801	81.473	72.345	4311.8193	208
225	MATTUX_clean_min_charges	H_10_C_17_N_1_O_4_Zn_1	13.234	13.275	14.003	83.848	78.344	88.408	2395.4124	92
226	MATVAF_clean_min_charges	H_12_C_24_N_2_O_6_Zn_1	13.167	13.258	22.407	89.986	89.981	102.493	3818.931	132
227	MATVEJ_clean_min_charges	H_14_C_26_N_2_O_6_Zn_1	15.371	15.345	22.383	87.394	84.315	81.031	5186.81	140
228	MEJQEZ_clean_min_charges	H_8_C_11_N_6_O_2_Zn_1	18.067	20.611	18.888	89.978	89.993	90.027	7033.492	320
229	MIBQAR_clean_min_charges	H_12_C_24_O_13_Zn_4	18.425	18.43	18.431	60.151	60.163	60.161	4441.4155	82
230	MIBQAR16_clean_min_charges	H_12_C_24_O_13_Zn_4	18.434	18.423	18.421	60.161	60.179	60.182	4441.055	82
231	MIBQAR18_clean_min_charges	H_12_C_24_O_13_Zn_4	18.405	18.418	18.418	60.252	60.269	60.269	4441.0596	82
232	MIDRAT_clean_min_charges	H_160_C_160_N_16_O_32_S_16_Zn_7	23.02	14.98	14.982	90.008	89.98	90.016	5166.3867	231
233	MIHHOA_clean_min_charges	H_42_C_38_N_4_O_8_Cd_1	13.971	15.661	19.606	89.992	90.005	90.014	4289.7896	204
234	MIKJAR_clean_min_charges	H_13_C_4_N_3_O_8_P_2_Ga_2	13.585	14.447	14.451	69.286	71.796	108.206	2216.2925	114
235	MIMVEJ_clean_min_charges	H_8_C_12_N_2_O_4_Zn_1	14.233	15.7	15.696	87.161	76.976	76.979	3329.3064	152
236	MOCKEV_clean_min_charges	H_3_C_8_N_1_O_4_Cu_1	15.554	14.514	15.025	80.01	74.318	77.467	3163.9504	84
237	MODNIC_clean_min_charges	C_7_N_7_Cd_3	13.444	13.791	27.651	90.014	89.914	89.064	5125.977	136
238	MOGVAG_clean_min_charges	H_13_C_9_N_16_O_7_S_1_Zn_4	14.864	13.096	13.1	92.409	95.218	84.857	2527.765	148
239	MOYYEF_clean_min_charges	H_8_C_14_O_4_Cu_1	12.889	14.509	14.526	78.448	63.448	63.512	2174.8708	76
240	MOYYIJ_clean_min_charges	H_8_C_14_O_4_Cu_1	14.297	18.902	18.901	66.133	75.395	104.605	4142.3047	114
241	MUVGOA_clean_min_charges	H_16_C_34_N_10_Zn_1	12.549	22.954	14.84	90.0	90.0	89.999	4274.658	180
242	NADZEZ_clean_min_charges	H_3_C_9_O_6_Y_1	12.563	12.562	17.411	111.771	111.799	88.345	2350.33	128
243	NAKLIW_clean_min_charges	H_7_C_12_O_7_Zn_2	14.528	18.955	15.81	90.014	90.077	90.794	4353.3076	168
244	NALWOO_clean_min_charges	H_16_C_27_O_6_Ba_1	14.51	19.408	26.343	90.0	90.001	90.002	7418.455	272
245	NARTUX_clean_min_charges	H_8_C_10_N_2_O_6_Ca_1	16.167	16.492	16.49	98.472	93.835	93.827	4325.862	228
246	NASCIV_clean_min_charges	H_20_C_27_N_48_O_8_Cd_8	19.779	14.048	14.05	82.883	69.373	69.389	3419.7454	182
247	NEHZIK_clean_min_charges	H_10_C_12_N_4_O_4_Zn_1	17.267	17.302	17.294	97.826	115.501	115.506	3867.047	168
248	NEVJEF_clean_min_charges	H_11_C_17_N_2_O_8_Cd_2	14.132	18.093	19.553	98.827	90.064	90.027	4940.2944	232
249	NIRDOI_clean_min_charges	H_60_C_88_N_4_O_24_Zn_5	16.152	16.386	17.297	89.875	103.749	90.013	4446.754	242
250	NISCOJ_clean_min_charges	H_20_C_22_N_6_O_4_Zn_1	15.316	19.21	19.485	89.964	90.0	90.069	5732.878	264
251	NOCKUM_clean_min_charges	H_4_C_8_O_4_Ca_1	27.92	14.179	14.88	65.279	62.007	60.493	4390.7197	156
252	NUTQAV_clean_min_charges	H_3_C_9_O_4_Cu_1	15.494	15.52	15.511	74.375	74.601	74.551	3385.9634	84
253	NUTQEZ_clean_min_charges	H_17_C_52_O_24_Cu_6	15.339	15.305	15.334	102.202	102.574	102.334	3304.5222	82
254	NUVWIL_clean_min_charges	H_24_C_24_O_30_Zn_3_La_2	14.253	15.574	15.574	120.05	90.0	90.0	2992.3904	118
255	NUYWOU_clean_min_charges	H_19_C_25_N_5_O_4_Cd_1	13.464	14.949	14.953	89.953	89.982	89.964	3009.6384	140
256	ODIXEG_clean_min_charges	H_16_C_28_O_8_Si_1_Zn_2	13.144	13.013	23.511	90.0	90.0	90.0	4021.3887	78
257	ODODIW_clean_min_charges	H_34_C_56_O_18_Si_2_Zn_5	13.748	14.897	14.679	107.387	112.496	99.975	2505.711	81
258	OFERUN02_clean_min_charges	H_59_C_48_N_24_Zn_6	14.816	14.822	14.809	109.433	109.37	109.348	2511.547	78
259	OFORUX_clean_min_charges	H_22_C_26_N_4_O_2_Cl_2_Cu_1_Cd_1	14.732	14.779	15.757	117.881	97.495	89.92	2999.5806	144
260	OFUYUL_clean_min_charges	H_3_C_8_O_5_Zn_1	13.087	16.838	13.96	105.88	89.81	90.133	2958.793	112
261	OHAKIS_clean_min_charges	H_14_C_20_N_4_O_4_Cd_1	17.215	17.395	18.482	90.039	90.019	90.14	5534.508	232
262	OHOLIH_clean_min_charges	H_48_C_96_O_32_Zn_7	20.781	12.145	12.144	96.958	105.259	74.891	2850.1528	135
263	OJICUG_clean_min_charges	H_12_C_24_O_13_Sc_3	16.401	16.425	16.079	90.014	89.992	119.912	3754.4795	80
264	OSAXAI_clean_min_charges	H_16_C_24_N_4_O_4_Zn_1	22.915	13.727	18.178	100.366	89.956	114.764	5089.558	264
265	OTAVOV_clean_min_charges	H_18_C_24_N_2_O_6_La_1	20.365	17.894001	19.845	90.021	90.013	89.977	7231.7407	264
266	OVICUS_clean_min_charges	H_6_C_12_N_2_O_4_S_2_Zn_1	22.684	12.99	12.986	117.495	94.955	85.039	3376.9302	168
267	PAKXIK_clean_min_charges	H_24_C_36_N_2_O_14_Cd_3	13.563	13.894	16.09	87.884	82.868	91.853	3004.473	110
268	PAMVEG_clean_min_charges	H_22_C_16_N_4_O_4_Zn_1	13.217	14.829	21.942	89.925	90.037	90.032	4300.5146	200
269	PAPXUB_clean_min_charges	H_22_C_28_N_6_O_2_S_2_Cd_1	21.9	13.18	13.821	118.218	108.168	89.868	3289.4028	156
270	PASKAX_clean_min_charges	H_20_C_26_N_4_O_6_Cd_1	19.009	13.056	12.882	111.49	105.097	98.844	2759.472	148
271	PASTOU_clean_min_charges	H_8_C_10_N_5_Cl_1_Cd_1	13.841	13.841	13.841	108.007	108.003	108.002	2144.8977	102
272	PEGBUA_clean_min_charges	H_8_C_7_N_6_Zn_1	21.592	12.585	17.174	89.958	95.414	90.039	4645.9614	224
273	PELNEA01_clean_min_charges	H_12_C_15_O_9_La_1	17.434	12.841	17.875	90.002	89.998	112.94	3685.1973	200
274	PEMRIK_clean_min_charges	H_17_C_28_N_5_O_8_Zn_2	14.42	16.433	18.991	115.842	102.848	89.993	3924.654	172
275	PEPXIS_clean_min_charges	H_6_C_6_N_9_Cl_1_Zn_2	15.37	20.104	17.697	90.0	89.987	89.999	5468.346	288
276	PEVPUD_clean_min_charges	H_6_C_24_O_13_Zn_4	18.795	18.726	18.723999	60.224	60.401	60.366	4694.641	82
277	PEVQEO_clean_min_charges	H_12_C_24_O_13_Zn_4	18.39	18.388	18.393	60.437	60.428	60.436	4441.108	82
278	PIFPIE_clean_min_charges	H_24_C_42_N_2_O_12_Zn_3	14.828	14.816	16.775	102.675	102.684	115.839	3020.3616	118
279	PIHNUQ_clean_min_charges	H_12_C_15_N_1_O_5_Zn_1	21.409	12.775	12.76	106.896	94.45	85.418	3323.1309	176
280	PIJJOI_clean_min_charges	H_18_C_18_N_4_O_4_Zn_1	17.236	16.946	17.853	89.935	90.001	89.182	5213.9917	216
281	PORVUO_clean_min_charges	H_18_C_26_N_2_O_4_Zn_1	12.508	15.845	16.644	104.357	90.128	101.256	3129.721	132
282	PUQXUV_clean_min_charges	H_8_C_17_O_4_F_6_Zn_1	15.405	21.449	21.44	119.836	90.02	89.974	6145.249	336
283	PUQYAC_clean_min_charges	H_8_C_17_O_4_F_6_Zn_1	15.41	21.433	21.434	119.984	89.984	90.008	6131.8203	336
284	PUSDOX_clean_min_charges	H_12_C_20_N_1_O_5_Zn_1	14.334	14.331	26.528	80.129	80.065	86.374	5285.0327	216
285	PUWCUF_clean_min_charges	H_6_C_7_O_4_Zn_1	15.614	17.228	18.405	89.946	90.001	90.006	4950.9062	192
286	QARTEK_clean_min_charges	H_16_C_20_N_3_O_3_F_2_Cl_1_Cd_1	13.396	15.7439995	23.744	89.872	90.124	101.064	4914.6694	240
287	QATHOK_clean_min_charges	H_11_C_17_N_3_O_4_Cd_1	14.614	18.285	18.361	67.482	74.374	105.429	3971.1619	150
288	QAVWAN_clean_min_charges	H_12_C_18_N_1_O_4_Zn_1	13.183	13.173	13.98	105.565	105.292	93.379	2233.8367	96
289	QEFNAQ_clean_min_charges	H_6_C_8_N_4_O_2_Cu_1	16.086	16.097	16.095	90.221	89.991	89.731	4167.503	180
290	QESYOD_clean_min_charges	H_10_C_8_N_2_Cu_1_I_1	16.563	16.569	16.571	105.564	105.413	105.367	3936.6472	144
291	QEVKOS_clean_min_charges	H_14_C_14_N_4_S_4_Cu_2_W_1	22.218	14.321	18.373	74.409	72.493	67.103	5058.7417	200
292	QEYWUN_clean_min_charges	H_20_C_24_N_24_O_8_Cd_1	20.472	12.631	15.386	90.011	90.002	90.012	3978.5396	228
293	QIFLUO_clean_min_charges	H_14_C_18_N_8_O_5_Zn_2	12.333	13.793	17.568	90.008	93.554	89.971	2982.7285	132
294	QOCRUW_clean_min_charges	H_6_C_12_O_6_La_1	19.314	21.4	26.004	57.185	75.071	69.375	8423.425	304
295	QOJVAM_clean_min_charges	H_7_C_10_N_2_Cu_1_I_1	20.435	20.418	16.563	96.586	96.583	86.005	6808.7124	224
296	QOKCID_clean_min_charges	H_7_C_12_O_5_Zn_1	15.278	12.824	12.929	99.358	94.626	85.506	2485.774	144
297	QOMDUS_clean_min_charges	H_80_C_128_O_144_Zn_39	17.801	20.346	19.914	82.633	86.396	88.724	7138.017	311
298	QOMFAA_clean_min_charges	H_11_C_12_N_1_O_5_Zn_1	17.924	17.979	13.775	73.331	71.911	81.632	4034.572	152
299	QUGNOV_clean_min_charges	H_8_C_12_N_2_O_6_Cd_1	14.01	20.56	20.561	89.85	93.673	86.353	5898.2383	336
300	QUJFUX_clean_min_charges	H_6_C_18_N_4_O_8_Cd_3	20.935	20.946	16.318	80.949	81.04	49.407	5352.279	264
301	QUNMUI_clean_min_charges	H_4_C_4_N_6_Cd_1	13.4	13.401	13.401	59.977	59.995	59.995	1701.2018	66
302	QUPHUF_clean_min_charges	H_32_C_41_N_4_O_12_Zn_2	19.46	13.257	20.935	86.324	80.17	68.899	4964.6997	236
303	QUQFIS_clean_min_charges	H_4_C_10_O_4_Zn_1	19.518	19.551	19.542	72.051	71.978	71.943	6553.5728	180
304	QUQPIC_clean_min_charges	H_14_C_24_N_6_Cd_1	11.671	12.279	14.179	90.002	127.997	89.983	1601.2772	62
305	QUQPOI_clean_min_charges	H_45_C_95_N_24_Zn_4	14.826	21.759	12.748	107.622	89.997	90.0	3919.5105	123
306	QURSEC_clean_min_charges	H_16_C_24_N_4_O_8_Zn_1_Pd_1	11.804	11.438	27.327	89.971	90.057	82.266	3655.967	152
307	QUVDUH_clean_min_charges	H_7_C_7_N_1_O_9_P_1_Y_1	23.047	15.562	16.219	89.978	89.974	90.074	5817.059	304
308	RABHAZ_clean_min_charges	H_14_C_9_N_6_Ni_1_Cd_1	15.254	13.761	22.276	89.97	90.024	90.154	4675.943	136
309	RACZIG_clean_min_charges	H_64_C_190_N_15_O_48_F_64_Zn_16	12.91	18.1	26.523	90.001	89.994	90.063	6197.6523	333
310	RATDAS02_clean_min_charges	H_48_C_48_O_96_Zn_23	20.271	23.132	14.801	91.189	89.985	89.992	6938.824	334
311	RAXCOK_clean_min_charges	H_14_C_30_N_4_O_8_S_1_Zn_1	15.604	18.904	19.853	88.505	90.614	90.146	5853.8535	176
312	RAXDAX_clean_min_charges	H_17_C_18_N_5_O_4_Zn_1	18.506	15.905	14.559	89.904	86.855	90.017	4278.805	224
313	RAZYIC_clean_min_charges	H_9_C_10_N_2_Cu_1_I_1	13.215	17.408	17.409	81.734	67.678	67.69	3427.4468	112
314	RAZYOI_clean_min_charges	H_9_C_10_N_2_Cl_1_Cu_1	12.465	15.968	15.972	90.002	89.977	90.007	3179.0845	112
315	REDROI_clean_min_charges	H_16_C_24_O_16_Zn_5	12.819	14.257	20.172	89.872	95.078	90.126	3672.1582	180
316	REGLOG_clean_min_charges	H_6_C_8_O_12_Cd_3	19.311	14.871	15.415	89.996	89.972	89.963	4426.784	184
317	RELLAW_clean_min_charges	H_11_C_18_N_1_O_4_Zn_1	16.158	18.104	18.807	90.0	90.0	92.615	5495.778	192
318	REYCOP_clean_min_charges	H_27_C_28_N_4_O_5_Zn_1	18.655	17.343	20.282	89.999	90.009	98.643	6487.392	304
319	RIFDUG01_clean_min_charges	H_2_C_6_O_4_Zn_1	18.942	18.96	18.965	59.983	60.023	60.017	4817.0073	132
320	RIPNIP_clean_min_charges	C_8_O_4_F_4_Zn_1	25.575	12.77	17.715	89.717	105.363	90.194	5578.7715	272
321	RIVDEF_clean_min_charges	H_12_B_1_C_8_N_3_O_4_Cd_1	23.173	23.132	22.876	89.923	90.038	119.768	10644.281	408
322	RUCGOM_clean_min_charges	H_36_C_20_N_4_O_8_S_4_Zn_1_Pt_2_Au_2	12.416	12.439	27.049	90.02	89.986	119.911	3621.077	123
323	RUFMUA_clean_min_charges	H_4_C_9_O_6_Ca_1	13.64	19.708	20.367	105.268	98.564	115.026	4568.749	256
324	RUFMUA01_clean_min_charges	H_4_C_9_O_6_Ca_1	13.643	19.689	20.364	105.258	98.595	114.978	4566.42	256
325	RUMWUS_clean_min_charges	H_24_C_33_O_12_Zn_2	13.463	13.224	13.238	91.965	98.987	81.006	2299.151	94
326	RURPEA_clean_min_charges	H_32_C_64_N_48_Fe_8_Pt_7	13.5130005	14.373	14.307	89.998	90.001	89.993	2778.7393	127
327	RURQEB_clean_min_charges	H_12_C_28_N_18_O_8_F_8_Zn_5	19.824	20.617	13.36	74.154	79.598	61.879	4624.143	268
328	RUVMAX_clean_min_charges	H_5_C_10_N_3_O_4_Zn_1	12.575	12.867	14.514	91.368	91.336	86.105	2341.7556	108
329	SAHYOQ03_clean_min_charges	H_12_C_24_O_13_Zn_4	18.42	18.428	18.43	60.169	60.182	60.18	4441.356	82
330	SAHYOQ04_clean_min_charges	H_12_C_24_O_13_Zn_4	18.425	18.432	18.433	60.135	60.158	60.157	4441.544	82
331	SAHYOQ05_clean_min_charges	H_12_C_24_O_13_Zn_4	18.426	18.432	18.431	60.143	60.16	60.158	4441.671	82
332	SAKRED_clean_min_charges	H_8_C_11_O_7_Zn_2	20.75	25.128	20.218	90.024	89.988	90.036	10541.784	320
333	SAMLAV02_clean_min_charges	H_7_C_12_N_3_O_6_Cd_1	15.131	14.406	21.129	90.026	90.03	92.656	4600.6914	176
334	SAMLAV03_clean_min_charges	H_7_C_12_N_3_O_6_Cd_1	15.135	14.352	21.106	89.952	90.003	90.053	4584.59	176
335	SEFBOV_clean_min_charges	H_8_C_11_O_7_Zn_2	20.747	26.341	19.994	90.022	90.002	90.307	10926.498	320
336	SEFSOM_clean_min_charges	H_62_C_72_N_16_O_14_S_2_Cd_3	20.652	13.157	17.994	79.403	86.853	78.876	4714.663	214
337	SEHTEF_clean_min_charges	H_3_C_9_O_6_Y_1	20.451	24.817	15.846	89.76	89.797	96.677	7987.6753	256
338	SENWAL_clean_min_charges	H_3_C_9_O_6_Zn_2	14.277	14.864	15.152	90.015	90.487	90.041	3215.3394	68
339	SENWIT_clean_min_charges	H_3_C_9_O_6_Zn_2	13.501	14.422	15.353	89.961	90.056	88.507	2988.3875	68
340	SENWOZ_clean_min_charges	H_3_C_9_O_6_Zn_2	14.239	14.542	15.068	89.691	90.222	90.189	3119.948	68
341	SERJUV_clean_min_charges	H_9_C_21_N_3_O_12_Y_2	16.645	16.816	27.26	90.069	90.16	89.401	7629.685	304
342	SERKEG_clean_min_charges	H_9_C_21_N_3_O_12_Y_2	15.096	16.337	16.337	119.849	90.001	90.001	3494.5876	152
343	SEYDUW_clean_min_charges	H_7_C_5_N_1_O_7_P_1_Y_1	17.838	20.207	15.051	90.021	89.807	89.835	5425.116	240
344	SUHHOT_clean_min_charges	H_6_C_6_O_9_La_1	12.389	15.545	13.351	75.13	84.719	90.019	2473.805	128
345	SUJQOE_clean_min_charges	H_14_C_18_N_2_O_4_Zn_1	13.79	14.367	21.456	90.118	90.021	89.909	4250.8677	200
346	SUJREV_clean_min_charges	H_14_C_18_N_2_O_4_Zn_1	13.544	14.801	21.598999	89.493	89.904	90.087	4329.657	200
347	SUKYIH_clean_min_charges	H_16_C_29_O_8_Cu_1	12.194	12.182	23.169	90.0	90.0	90.001	3441.6929	76
348	TADCAE_clean_min_charges	H_5_C_14_N_2_O_8_Zn_2	15.146	14.637	16.082	90.101	86.072	90.025	3556.87	208
349	TARWEO_clean_min_charges	H_1_C_6_N_9_Cd_1	14.239	12.96	12.96	97.779	96.299	83.691	2344.2976	128
350	TASXIW_clean_min_charges	H_9_C_17_N_2_O_9_Zn_2	14.01	16.787	16.818	103.804	109.775	109.721	3213.975	120
351	TECTUS_clean_min_charges	H_2_C_6_O_4_Ca_1	20.126	20.135	18.143	80.106	70.395	94.922	6740.975	264
352	TEDGOA_clean_min_charges	H_11_C_35_N_48_Zn_4	13.828	15.6380005	15.641	90.018	90.001	89.957	3382.2441	87
353	TENLIJ_clean_min_charges	H_36_C_53_N_8_O_20_Zn_4	17.675	17.661	17.684	90.659	119.543	119.714	3924.5188	170
354	TERFUT_clean_min_charges	H_21_C_36_N_4_O_8_Zn_2_Rh_1	14.013	15.193	15.317	86.583	85.391	88.005	3243.1804	102
355	TESGOO_clean_min_charges	H_12_C_12_O_24_Zn_5	20.236	23.053	14.927	91.151	89.99	89.955	6962.0454	328
356	TESGUU_clean_min_charges	H_12_C_12_O_24_Zn_5	20.172	23.194	14.793	91.115	89.94	89.987	6919.8774	328
357	TESHAB_clean_min_charges	H_2_C_2_O_4_Zn_1	20.211	23.023	14.943	91.186	89.997	89.948	6951.7524	336
358	TETZID_clean_min_charges	H_16_C_24_N_4_O_6_S_1_Cd_1	14.926	19.994	20.525	89.998	94.364	89.993	6107.5254	288
359	TEVZEA_clean_min_charges	H_96_C_96_O_192_Zn_47	20.236	23.191	14.799	91.129	89.993	89.943	6943.717	335
360	TEVZIE_clean_min_charges	H_32_C_32_O_64_Zn_15	20.216	23.15	14.866	91.111	89.98	89.953	6955.9834	333
361	TEVZOK_clean_min_charges	H_24_C_24_O_48_Zn_11	20.207	23.119	14.892	91.046	90.032	90.037	6955.8687	332
362	TEVZUQ_clean_min_charges	H_48_C_48_O_96_Zn_23	20.196	23.101	14.88	91.161	90.0	89.958	6940.8037	334
363	TOHYUL_clean_min_charges	H_8_C_8_N_2_O_6_Cd_1	13.687	17.852	21.787	89.91	89.977	89.998	5323.436	204
364	UBACOR_clean_min_charges	H_7_C_13_N_1_O_4_Zn_1	13.996	14.622	18.585	69.124	67.88	61.406	3020.3237	152
365	UBACUX_clean_min_charges	H_7_C_13_N_2_O_4_Zn_1	14.273	15.94	19.73	110.743	89.833	116.784	3680.8606	160
366	UBUMAH_clean_min_charges	H_14_C_34_O_13_Zn_4	22.672	22.189	29.054	90.096	90.041	89.324	14615.126	408
367	UKUBIM_clean_min_charges	H_26_C_25_N_4_O_4_S_2_Cd_1	12.563	12.561	25.828	90.0	90.0	89.992	4075.7573	144
368	ULOGIL_clean_min_charges	H_2_C_6_O_4_Cd_1	14.039	17.601	19.954	102.064	104.579	83.83	4658.6455	264
369	UMEXUF_clean_min_charges	H_12_C_40_O_36_Zn_9	14.357	15.243	16.405	89.997	90.004	97.449	3559.8335	170
370	UNIGEE_clean_min_charges	H_12_C_24_O_13_Zn_4	18.445	18.422	18.413	60.144	60.178	60.191	4441.233	82
371	UTEWOG_clean_min_charges	H_6_C_10_N_4_Ni_1	18.577	18.583	18.583	90.001	90.0	90.0	6415.1562	180
372	UTEWUM_clean_min_charges	H_6_C_10_N_4_Cu_1	18.923	18.949	18.947	90.0	89.998	89.999	6793.8623	180
373	UTEXAT_clean_min_charges	H_36_C_60_N_24_Zn_5	15.743	15.75	20.005	90.001	90.0	90.008	4960.2847	178
374	UVARIT_clean_min_charges	H_20_C_28_N_2_O_4_Zn_1	17.218	13.093	15.052	64.189	83.379	75.367	2955.5864	140
375	UVAROZ_clean_min_charges	H_20_C_28_N_2_O_4_Zn_1	17.293	13.056	15.041	64.208	83.189	75.681	2962.3914	140
376	UVASAM_clean_min_charges	H_20_C_28_N_2_O_4_Zn_1	17.191	13.141	15.008	63.99	84.054	75.732	2952.993	140
377	UVEXAV_clean_min_charges	H_5_C_5_O_8_Ga_2	15.191	15.284	22.58	107.064	106.784	97.779	4657.5186	240
378	UVUPOR_clean_min_charges	H_12_C_20_N_3_O_4_Zn_1	15.375	15.377	17.986	95.482	96.329	94.366	4190.859	168
379	UWELIS_clean_min_charges	H_8_C_14_N_2_O_5_Zn_1	13.701	13.846	14.057	108.95	90.087	89.967	2522.1396	88
380	UXEQOE_clean_min_charges	H_24_C_80_N_32_O_64_Cd_19	14.53	15.861	16.411	89.999	89.998	89.999	3782.0842	195
381	UXUZAP_clean_min_charges	H_8_C_11_N_6_O_2_Zn_1	18.27	20.957	18.59	89.889	90.069	89.959	7117.8003	320
382	VACFOV01_clean_min_charges	H_8_C_16_O_8_In_1	12.5130005	14.768	14.758	120.039	90.035	90.047	2360.859	75
383	VACFUB01_clean_min_charges	H_8_C_12_N_2_O_4_Zn_1	12.489	15.682	15.687	120.01	90.011	89.908	2660.4507	114
384	VAGTUU_clean_min_charges	H_18_C_36_O_13_Zn_4	17.224	17.234	17.292	90.548	90.0	90.0	5132.695	212
385	VAHSIH_clean_min_charges	O_16_F_1_Al_4_P_4	20.649	13.709	14.912	89.983	90.0	90.33	4221.1763	200
386	VAPFOJ_clean_min_charges	H_6_C_14_N_4_O_4_Ba_1_Pt_1	15.391	14.667	15.813	90.02	90.05	92.045	3567.3481	192
387	VAPFUP_clean_min_charges	H_6_C_14_N_4_O_4_Sr_1_Pt_1	14.476	19.66	13.081	100.694	84.707	98.718	3608.0173	192
388	VARRIP_clean_min_charges	H_48_C_48_O_60_Y_3_La_4	18.087	18.087	17.825	90.0	89.999	119.981	5050.9883	230
389	VASKOR_clean_min_charges	H_5_C_8_O_5_Sc_1	14.788	18.115	19.486	90.005	89.99	90.07	5219.9956	224
390	VAZTOG_clean_min_charges	H_12_C_24_O_13_Zn_4	18.423	18.43	18.43	60.187	60.175	60.177	4442.828	82
391	VEJYUF01_clean_min_charges	H_6_C_6_N_4_Zn_1	15.503	15.666	18.559	90.008	90.0	89.962	4507.4233	176
392	VEJYUF02_clean_min_charges	H_6_C_6_N_4_Zn_1	15.689	15.707	18.579	89.811	90.13	89.579	4578.209	176
393	VISTUM_clean_min_charges	H_96_C_96_N_80_Cd_21	15.74	23.167	13.534	90.001	90.0	109.791	4643.654	197
394	VONBIK_clean_min_charges	H_144_C_192_N_24_O_39_Zn_8	16.072	18.863	18.379	90.289	90.035	89.883	5571.8076	263
395	VUQKOI_clean_min_charges	H_40_C_32_N_14_O_4_P_2_Cl_6_Cd_3	15.499	15.65	16.802	77.181	88.187	62.75	3521.3474	122
396	VUQKUO_clean_min_charges	H_20_C_16_N_7_O_2_P_1_Cl_2_Cd_1	14.07	15.811	26.043	90.002	89.998	93.291	5783.991	232
397	VUSKAW_clean_min_charges	H_12_C_24_O_13_Zn_4	18.42	18.43	18.426	60.177	60.213	60.202	4442.907	82
398	VUSKEA_clean_min_charges	H_12_C_24_O_13_Zn_4	18.402	18.418	18.412	60.334	60.264	60.268	4441.411	82
399	WABTOK_clean_min_charges	H_8_C_4_O_2_Cl_6_Cd_3	20.247	20.238	21.914	78.994	79.114	79.558	8556.941	240
400	WALBOC_clean_min_charges	H_3_C_3_N_4_O_2_Zn_1	13.19	13.9470005	16.988	89.974	89.987	90.126	3125.1206	160
401	WALBOC01_clean_min_charges	H_3_C_3_N_4_O_2_Zn_1	13.075	13.975	16.924	90.001	90.0	89.9	3092.4016	160
402	WALBOC02_clean_min_charges	H_3_C_3_N_4_O_2_Zn_1	13.128	13.969	16.99	90.0	90.046	90.119	3115.704	160
403	WALCET_clean_min_charges	H_3_C_3_N_4_O_2_Zn_1	13.172	13.948	16.991	90.05	90.016	90.246	3121.6082	160
404	WEBREC_clean_min_charges	H_16_C_25_N_1_O_6_Zn_1	13.637	13.618	16.926	90.002	90.005	117.781	2780.9937	132
405	WECJAR_clean_min_charges	H_9_C_16_N_1_O_4_S_2_Zn_1	20.818	14.184	14.212	105.285	97.023	95.798	3978.629	192
406	WEMNAF_clean_min_charges	H_13_C_14_N_9_O_6_S_1_Zn_1	18.448	12.012	12.576	79.494	74.765	78.175	2607.3337	124
407	WENDIE_clean_min_charges	H_4_C_8_N_4_O_2_Zn_1	15.45	19.658	17.422	102.575	89.943	113.182	4726.2266	240
408	WIDZOA_clean_min_charges	H_18_C_18_N_4_O_4_Cd_1	12.485	12.663	14.397	97.329	90.008	90.008	2257.5344	108
409	WIFBAQ_clean_min_charges	H_18_C_18_N_4_O_4_Cd_1	24.971	13.977	15.988	94.253	113.022	89.896	5119.306	216
410	WIJDID_clean_min_charges	H_2_C_1_N_2_Cl_1_Cu_1	8.968	17.261	15.785	90.077	89.988	89.665	2443.4211	120
411	WIYFAM_clean_min_charges	H_28_C_28_N_8_O_5_Zn_4	23.229	23.232	26.041	90.026	90.026	89.98	14053.182	360
412	WONZOP_clean_min_charges	H_32_C_48_N_8_F_11_Si_2_Zn_2	15.482	15.962	15.948	76.593	61.251	61.156	3026.6458	71
413	WONZUV_clean_min_charges	H_48_C_64_N_8_F_12_Si_1_Zn_2	15.47	17.456	17.455	79.156	64.301	64.302	3827.2751	87
414	WOWGEU_clean_min_charges	H_16_C_8_O_24_F_8_Al_7_P_8	9.977	16.51	12.13	89.992	89.995	91.972	1996.8737	110
415	XADGAM_clean_min_charges	H_14_C_24_N_2_O_4_Zn_1	22.525	14.859	16.143	89.981	90.922	90.127	5402.3325	248
416	XAMDUM07_clean_min_charges	H_2_C_6_O_4_Cu_1	18.746	18.767	18.762	60.039	60.068	60.0	4671.0903	132
417	XAWVUN_clean_min_charges	H_40_C_68_N_4_O_16_Cu_3	15.636	16.194	23.641	90.037	89.98	118.764	5247.4897	91
418	XAWZOM_clean_min_charges	H_20_C_28_N_2_O_11_S_1_Cd_2	18.876	20.398	19.192	90.082	90.086	90.225	7389.4736	352
419	XEDPIH_clean_min_charges	H_3_C_5_N_4_Zn_1_Br_1	20.34	14.217	14.214	91.228	90.009	90.041	4109.3706	176
420	XEHFUL_clean_min_charges	C_16_O_39_Y_8	12.958	18.007	18.843	90.002	89.999	111.344	4095.1633	252
421	XEHFUL01_clean_min_charges	C_61_O_160_Y_32	12.956	18.014	18.843	90.0	89.999	111.393	4094.7527	253
422	XEHFUL02_clean_min_charges	C_2_O_5_Y_1	12.959	17.975	18.843	89.999	90.0	111.087	4095.3257	256
423	XEHTUB_clean_min_charges	H_5_C_10_N_5_O_6_Cd_2	13.772	21.261	22.331	72.052	78.147	74.913	5950.012	368
424	XEJTIR_clean_min_charges	H_16_C_28_N_4_O_4_Al_1_Cu_1	12.173	15.241	16.963	90.017	93.105	89.935	3142.501	152
425	XENKIM_clean_min_charges	H_5_C_15_N_1_O_6_Ca_1	12.79	21.473	21.469	84.44	71.875	71.817	5323.847	184
426	XEQRAO_clean_min_charges	H_16_C_28_O_4_Cd_1	14.807	21.762	17.425	108.159	92.772	90.035	5328.2397	264
427	XEXLOD_clean_min_charges	H_8_C_19_N_2_O_6_Zn_1	11.325	19.51	25.169	90.004	90.079	97.198	5517.2773	224
428	XEXMEU_clean_min_charges	H_8_C_19_N_2_O_6_Zn_1	11.347	20.135	24.817	89.981	89.954	96.211	5636.7017	224
429	XIBZUF_clean_min_charges	H_15_C_33_N_3_O_15_Y_2	14.3220005	20.627	21.411	89.924	90.051	90.116	6325.215	212
430	XIDBUJ_clean_min_charges	H_10_C_17_N_3_O_4_Zn_1	23.614	15.143	15.151	97.649	107.232	107.129	4798.814	200
431	XIMPOA_clean_min_charges	H_16_C_18_N_4_O_4_Zn_1	14.715	15.754	16.954	90.004	90.034	90.009	3930.2776	216
432	XINFUW_clean_min_charges	H_4_C_8_O_4_Zn_1	12.765	15.357	18.611	90.014	90.104	90.283	3648.3032	104
433	XINHOT_clean_min_charges	H_24_C_39_N_2_O_13_La_2	12.39	13.252	17.63	82.78	73.952	62.192	2460.6199	112
434	XINJAH_clean_min_charges	H_9_C_18_O_6_La_1	17.338	12.484	22.023	93.063	90.155	90.273	4759.9404	200
435	XINWUO_clean_min_charges	H_4_C_3_N_3_Zn_1	22.762	13.671	13.681	80.117	65.442	65.507	3523.6907	112
436	XOJWEZ_clean_min_charges	H_14_C_10_N_4_Cu_1_Br_1	14.724	22.745	22.738	66.22	71.17	71.183	6430.6616	256
437	XOKHAH_clean_min_charges	H_13_C_24_N_2_O_9_Zn_2	13.918	19.19	19.673	89.998	90.004	90.138	5254.376	296
438	XOVVEK_clean_min_charges	H_28_C_44_N_18_O_16_Zn_7	19.669	24.184	15.402	95.453	98.285	113.617	6547.709	340
439	XOVVIO_clean_min_charges	H_14_C_22_N_9_O_10_Zn_3	19.872	23.965	15.367	95.5	98.167	113.342	6557.32	352
440	XUGSEY_clean_min_charges	H_34_C_76_N_6_O_8_F_10_Zn_3	23.744	15.496	21.157	78.042	79.281	89.821	7477.5576	206
441	XUNGOD_clean_min_charges	H_4_Li_1_C_6_N_1_O_2	10.911	23.31	13.33	90.251	95.52	90.988	3374.0054	160
442	XUNGUJ_clean_min_charges	H_4_Li_1_C_6_N_1_O_2	10.8880005	22.553	14.272	89.884	90.011	105.178	3382.333	160
443	XUNHAQ_clean_min_charges	H_4_Li_1_C_6_N_1_O_2	10.853	22.592	14.314	90.006	89.985	105.996	3373.7727	160
444	XUVHEB_clean_min_charges	H_32_C_52_N_2_O_12_Zn_3	14.75	18.171	25.086	90.11	90.028	90.423	6723.41	276
445	XUWVEQ_clean_min_charges	C_1_O_3_F_1_P_1_Ga_1	9.998	16.525	12.641	89.837	89.871	88.717	2087.9702	112
446	XUYXAR_clean_min_charges	H_7_C_13_N_1_O_4_Zn_1	16.461	15.127	22.291	90.008	95.734	90.009	5522.81	304
447	YARKEJ_clean_min_charges	H_30_C_40_N_4_O_9_Zn_2	12.626	14.248	14.05	98.353	102.982	76.551	2383.8193	110
448	YARYEV_clean_min_charges	H_3_C_2_N_3_Cd_1	17.513	17.503	14.779	91.578	91.568	90.543	4526.557	96
449	YARYOF_clean_min_charges	H_4_C_3_N_3_Cd_1	16.409	16.409	15.749	94.817	94.799	90.292	4210.397	112
450	YASPEP_clean_min_charges	H_160_C_175_N_16_O_32_Zn_8	13.514	18.167	19.301	90.126	96.269	90.07	4710.2144	231
451	YAZFOW_clean_min_charges	H_4_C_8_O_5_In_1	12.418	12.725	12.729	76.275	60.839	60.838	1533.842	56
452	YAZYEF_clean_min_charges	H_6_C_12_O_9_La_1	15.649	13.134	16.323	113.682	103.733	90.033	2967.173	176
453	YEGCUJ_clean_min_charges	H_6_C_8_N_4_O_2_Pd_1	16.656	16.662	16.599	89.666	90.208	89.995	4606.484	180
454	YEGKOM_clean_min_charges	H_6_C_4_N_8_Zn_1	20.677	20.595	12.001	90.067	90.234	90.04	5110.492	208
455	YEGYIU_clean_min_charges	H_12_C_19_N_4_O_4_Ag_2	14.559	18.463	15.521	100.713	95.558	90.881	4077.7217	232
456	YEKXET_clean_min_charges	H_14_C_26_N_4_O_12_Zn_3	15.404	15.378	22.946	90.0	89.966	89.983	5435.51	180
457	YEZFIU_clean_min_charges	H_8_C_6_N_8_O_1_Zn_1	14.23	15.182	15.163	69.119	72.179	107.937	2573.6736	96
458	YUBFOR_clean_min_charges	H_6_C_4_N_3_Zn_1	22.694	12.287	12.287	69.031	72.072	107.928	2685.9744	96
459	YUGLES_clean_min_charges	H_3_C_9_O_4_Cu_1	15.511	15.506	15.52	74.49	74.472	74.527	3388.0898	84
460	YUJNOH_clean_min_charges	C_2_N_4_O_2_Sr_1	17.021	13.239	13.279	89.588	89.985	89.884	2992.22	144
461	YUKBIP01_clean_min_charges	H_9_C_3_O_9_Al_2_P_3	17.319	14.166	14.169	120.109	89.912	89.916	3007.1829	136
462	ZARZAV_clean_min_charges	H_12_C_20_N_2_O_4_F_4_Zn_1	24.467	12.626	16.557	89.858	90.288	89.915	5114.708	248
463	ZEDRAD_clean_min_charges	H_1_C_3_O_4_S_1_Ba_1	13.716	13.851	16.448	90.0	90.001	89.736	3124.7627	144
464	ZEDROR_clean_min_charges	H_24_C_27_N_4_O_8_Zn_2	22.066	18.459	19.059	108.725	89.992	90.099	7352.134	328
465	ZERNAN_clean_min_charges	H_27_C_39_N_3_O_15_Y_2	12.886	13.793	14.348	66.733	67.057	77.72	2152.2405	118
466	ZERQOE_clean_min_charges	H_8_C_14_O_6_S_1_Ca_1	11.272	24.209	23.211	98.116	90.009	90.011	6270.4683	352
467	ZESFUY_clean_min_charges	H_126_C_154_N_29_F_47_Si_5_Zn_7	15.63	22.95	22.95	90.0	90.004	90.071	8232.355	242
468	ZIBGIC_clean_min_charges	H_18_C_24_N_4_O_10_Sr_1	15.111	15.052	15.128	68.972	73.507	110.918	2643.9595	156
469	ZIDDIB_clean_min_charges	H_9_C_21_N_3_O_12_In_2	16.111	16.589	19.564	90.028	90.0	89.991	5228.7793	304
470	ZIKJIO_clean_min_charges	H_15_C_24_N_1_O_8_Cu_2	23.003	23.021	18.818	94.395	93.658	97.78	9816.5625	280
471	ZISYAD_clean_min_charges	H_32_C_45_N_4_Cu_2_I_2	14.32	19.757	19.789	88.193	79.452	79.614	5413.9126	212
